{
 "cells": [
  {
   "cell_type": "markdown",
   "id": "62e69ebd-050e-4b52-80d1-e5257817d6bd",
   "metadata": {},
   "source": [
    "## 30 March : Model Training for Algerian Forest Fires Dataset"
   ]
  },
  {
   "cell_type": "markdown",
   "id": "693b3903-a4c2-4750-882c-48d47706849e",
   "metadata": {},
   "source": [
    "#### Multicollinearity \n",
    "- it means our independent features are highly correlated to each other , Lets say our 2 input features are 95% correlated to each other , then we can remove 1 feature from them as both are almost same\n",
    "- This kind of multicollinearity helps to select features"
   ]
  },
  {
   "cell_type": "code",
   "execution_count": 1,
   "id": "16d81f01-8cc0-4ad2-a0f4-7325d59d22f2",
   "metadata": {},
   "outputs": [],
   "source": [
    "import pandas as pd\n",
    "import numpy as np\n",
    "import matplotlib.pyplot as plt\n",
    "import seaborn as sns\n",
    "%matplotlib inline"
   ]
  },
  {
   "cell_type": "code",
   "execution_count": 2,
   "id": "6b92853b-f579-46eb-bc4f-3ec07548ee37",
   "metadata": {},
   "outputs": [],
   "source": [
    "df = pd.read_csv(\"9_b.Algerian_forest_fires_dataset_UPDATE_cleaned.csv\")"
   ]
  },
  {
   "cell_type": "code",
   "execution_count": 3,
   "id": "3bc2928f-8cdd-48e5-8896-ea70d621248e",
   "metadata": {},
   "outputs": [
    {
     "data": {
      "text/html": [
       "<div>\n",
       "<style scoped>\n",
       "    .dataframe tbody tr th:only-of-type {\n",
       "        vertical-align: middle;\n",
       "    }\n",
       "\n",
       "    .dataframe tbody tr th {\n",
       "        vertical-align: top;\n",
       "    }\n",
       "\n",
       "    .dataframe thead th {\n",
       "        text-align: right;\n",
       "    }\n",
       "</style>\n",
       "<table border=\"1\" class=\"dataframe\">\n",
       "  <thead>\n",
       "    <tr style=\"text-align: right;\">\n",
       "      <th></th>\n",
       "      <th>day</th>\n",
       "      <th>month</th>\n",
       "      <th>year</th>\n",
       "      <th>Temperature</th>\n",
       "      <th>RH</th>\n",
       "      <th>Ws</th>\n",
       "      <th>Rain</th>\n",
       "      <th>FFMC</th>\n",
       "      <th>DMC</th>\n",
       "      <th>DC</th>\n",
       "      <th>ISI</th>\n",
       "      <th>BUI</th>\n",
       "      <th>FWI</th>\n",
       "      <th>Classes</th>\n",
       "      <th>Region</th>\n",
       "    </tr>\n",
       "  </thead>\n",
       "  <tbody>\n",
       "    <tr>\n",
       "      <th>0</th>\n",
       "      <td>1</td>\n",
       "      <td>6</td>\n",
       "      <td>2012</td>\n",
       "      <td>29</td>\n",
       "      <td>57</td>\n",
       "      <td>18</td>\n",
       "      <td>0.0</td>\n",
       "      <td>65.7</td>\n",
       "      <td>3.4</td>\n",
       "      <td>7.6</td>\n",
       "      <td>1.3</td>\n",
       "      <td>3.4</td>\n",
       "      <td>0.5</td>\n",
       "      <td>not fire</td>\n",
       "      <td>0</td>\n",
       "    </tr>\n",
       "    <tr>\n",
       "      <th>1</th>\n",
       "      <td>2</td>\n",
       "      <td>6</td>\n",
       "      <td>2012</td>\n",
       "      <td>29</td>\n",
       "      <td>61</td>\n",
       "      <td>13</td>\n",
       "      <td>1.3</td>\n",
       "      <td>64.4</td>\n",
       "      <td>4.1</td>\n",
       "      <td>7.6</td>\n",
       "      <td>1.0</td>\n",
       "      <td>3.9</td>\n",
       "      <td>0.4</td>\n",
       "      <td>not fire</td>\n",
       "      <td>0</td>\n",
       "    </tr>\n",
       "    <tr>\n",
       "      <th>2</th>\n",
       "      <td>3</td>\n",
       "      <td>6</td>\n",
       "      <td>2012</td>\n",
       "      <td>26</td>\n",
       "      <td>82</td>\n",
       "      <td>22</td>\n",
       "      <td>13.1</td>\n",
       "      <td>47.1</td>\n",
       "      <td>2.5</td>\n",
       "      <td>7.1</td>\n",
       "      <td>0.3</td>\n",
       "      <td>2.7</td>\n",
       "      <td>0.1</td>\n",
       "      <td>not fire</td>\n",
       "      <td>0</td>\n",
       "    </tr>\n",
       "    <tr>\n",
       "      <th>3</th>\n",
       "      <td>4</td>\n",
       "      <td>6</td>\n",
       "      <td>2012</td>\n",
       "      <td>25</td>\n",
       "      <td>89</td>\n",
       "      <td>13</td>\n",
       "      <td>2.5</td>\n",
       "      <td>28.6</td>\n",
       "      <td>1.3</td>\n",
       "      <td>6.9</td>\n",
       "      <td>0.0</td>\n",
       "      <td>1.7</td>\n",
       "      <td>0.0</td>\n",
       "      <td>not fire</td>\n",
       "      <td>0</td>\n",
       "    </tr>\n",
       "    <tr>\n",
       "      <th>4</th>\n",
       "      <td>5</td>\n",
       "      <td>6</td>\n",
       "      <td>2012</td>\n",
       "      <td>27</td>\n",
       "      <td>77</td>\n",
       "      <td>16</td>\n",
       "      <td>0.0</td>\n",
       "      <td>64.8</td>\n",
       "      <td>3.0</td>\n",
       "      <td>14.2</td>\n",
       "      <td>1.2</td>\n",
       "      <td>3.9</td>\n",
       "      <td>0.5</td>\n",
       "      <td>not fire</td>\n",
       "      <td>0</td>\n",
       "    </tr>\n",
       "  </tbody>\n",
       "</table>\n",
       "</div>"
      ],
      "text/plain": [
       "   day  month  year  Temperature  RH  Ws  Rain  FFMC  DMC    DC  ISI  BUI  \\\n",
       "0    1      6  2012           29  57  18   0.0  65.7  3.4   7.6  1.3  3.4   \n",
       "1    2      6  2012           29  61  13   1.3  64.4  4.1   7.6  1.0  3.9   \n",
       "2    3      6  2012           26  82  22  13.1  47.1  2.5   7.1  0.3  2.7   \n",
       "3    4      6  2012           25  89  13   2.5  28.6  1.3   6.9  0.0  1.7   \n",
       "4    5      6  2012           27  77  16   0.0  64.8  3.0  14.2  1.2  3.9   \n",
       "\n",
       "   FWI   Classes  Region  \n",
       "0  0.5  not fire       0  \n",
       "1  0.4  not fire       0  \n",
       "2  0.1  not fire       0  \n",
       "3  0.0  not fire       0  \n",
       "4  0.5  not fire       0  "
      ]
     },
     "execution_count": 3,
     "metadata": {},
     "output_type": "execute_result"
    }
   ],
   "source": [
    "df.head()"
   ]
  },
  {
   "cell_type": "code",
   "execution_count": 4,
   "id": "7e2ebb4b-ed26-4c59-90c3-e67168d50f29",
   "metadata": {},
   "outputs": [
    {
     "data": {
      "text/plain": [
       "Index(['day', 'month', 'year', 'Temperature', 'RH', 'Ws', 'Rain', 'FFMC',\n",
       "       'DMC', 'DC', 'ISI', 'BUI', 'FWI', 'Classes', 'Region'],\n",
       "      dtype='object')"
      ]
     },
     "execution_count": 4,
     "metadata": {},
     "output_type": "execute_result"
    }
   ],
   "source": [
    "df.columns"
   ]
  },
  {
   "cell_type": "code",
   "execution_count": 5,
   "id": "72cd0b4d-8f7e-4c7d-abc5-08685477bed7",
   "metadata": {},
   "outputs": [],
   "source": [
    "df_copy = df.drop(['day','month','year'],axis=1)"
   ]
  },
  {
   "cell_type": "code",
   "execution_count": 6,
   "id": "23a15053-c4a6-4e18-9c98-4307837895c0",
   "metadata": {},
   "outputs": [
    {
     "data": {
      "text/plain": [
       "fire        137\n",
       "not fire    105\n",
       "Name: Classes, dtype: int64"
      ]
     },
     "execution_count": 6,
     "metadata": {},
     "output_type": "execute_result"
    }
   ],
   "source": [
    "df_copy['Classes'].value_counts()"
   ]
  },
  {
   "cell_type": "code",
   "execution_count": 7,
   "id": "832e0902-381e-4905-b95d-d4b695d3d14b",
   "metadata": {},
   "outputs": [],
   "source": [
    "## Encoding of the categorical classes in 0 or 1\n",
    "## if string contains 'not fire' then make it as 0 otherwise 1\n",
    "\n",
    "df_copy['Classes'] = np.where(df_copy['Classes'].str.contains('not fire'),0,1) \n"
   ]
  },
  {
   "cell_type": "code",
   "execution_count": 8,
   "id": "7452fc6f-2098-4e01-909f-3d917129d379",
   "metadata": {},
   "outputs": [
    {
     "data": {
      "text/plain": [
       "1    137\n",
       "0    105\n",
       "Name: Classes, dtype: int64"
      ]
     },
     "execution_count": 8,
     "metadata": {},
     "output_type": "execute_result"
    }
   ],
   "source": [
    "df_copy['Classes'].value_counts()"
   ]
  },
  {
   "cell_type": "code",
   "execution_count": 9,
   "id": "24f0a762-cf1e-4fb4-8235-a8ed5593a860",
   "metadata": {},
   "outputs": [
    {
     "data": {
      "text/html": [
       "<div>\n",
       "<style scoped>\n",
       "    .dataframe tbody tr th:only-of-type {\n",
       "        vertical-align: middle;\n",
       "    }\n",
       "\n",
       "    .dataframe tbody tr th {\n",
       "        vertical-align: top;\n",
       "    }\n",
       "\n",
       "    .dataframe thead th {\n",
       "        text-align: right;\n",
       "    }\n",
       "</style>\n",
       "<table border=\"1\" class=\"dataframe\">\n",
       "  <thead>\n",
       "    <tr style=\"text-align: right;\">\n",
       "      <th></th>\n",
       "      <th>Temperature</th>\n",
       "      <th>RH</th>\n",
       "      <th>Ws</th>\n",
       "      <th>Rain</th>\n",
       "      <th>FFMC</th>\n",
       "      <th>DMC</th>\n",
       "      <th>DC</th>\n",
       "      <th>ISI</th>\n",
       "      <th>BUI</th>\n",
       "      <th>FWI</th>\n",
       "      <th>Classes</th>\n",
       "      <th>Region</th>\n",
       "    </tr>\n",
       "  </thead>\n",
       "  <tbody>\n",
       "    <tr>\n",
       "      <th>Temperature</th>\n",
       "      <td>1.000000</td>\n",
       "      <td>-0.651791</td>\n",
       "      <td>-0.285644</td>\n",
       "      <td>-0.326499</td>\n",
       "      <td>0.679270</td>\n",
       "      <td>0.486494</td>\n",
       "      <td>0.376720</td>\n",
       "      <td>0.604948</td>\n",
       "      <td>0.460533</td>\n",
       "      <td>0.567506</td>\n",
       "      <td>0.517203</td>\n",
       "      <td>0.270295</td>\n",
       "    </tr>\n",
       "    <tr>\n",
       "      <th>RH</th>\n",
       "      <td>-0.651791</td>\n",
       "      <td>1.000000</td>\n",
       "      <td>0.248148</td>\n",
       "      <td>0.222604</td>\n",
       "      <td>-0.644536</td>\n",
       "      <td>-0.407180</td>\n",
       "      <td>-0.225293</td>\n",
       "      <td>-0.686103</td>\n",
       "      <td>-0.352357</td>\n",
       "      <td>-0.580109</td>\n",
       "      <td>-0.430794</td>\n",
       "      <td>-0.406348</td>\n",
       "    </tr>\n",
       "    <tr>\n",
       "      <th>Ws</th>\n",
       "      <td>-0.285644</td>\n",
       "      <td>0.248148</td>\n",
       "      <td>1.000000</td>\n",
       "      <td>0.171896</td>\n",
       "      <td>-0.175324</td>\n",
       "      <td>-0.005819</td>\n",
       "      <td>0.075031</td>\n",
       "      <td>0.003408</td>\n",
       "      <td>0.026542</td>\n",
       "      <td>0.027768</td>\n",
       "      <td>-0.076262</td>\n",
       "      <td>-0.176928</td>\n",
       "    </tr>\n",
       "    <tr>\n",
       "      <th>Rain</th>\n",
       "      <td>-0.326499</td>\n",
       "      <td>0.222604</td>\n",
       "      <td>0.171896</td>\n",
       "      <td>1.000000</td>\n",
       "      <td>-0.546470</td>\n",
       "      <td>-0.289482</td>\n",
       "      <td>-0.298600</td>\n",
       "      <td>-0.348334</td>\n",
       "      <td>-0.300574</td>\n",
       "      <td>-0.325112</td>\n",
       "      <td>-0.380263</td>\n",
       "      <td>-0.039965</td>\n",
       "    </tr>\n",
       "    <tr>\n",
       "      <th>FFMC</th>\n",
       "      <td>0.679270</td>\n",
       "      <td>-0.644536</td>\n",
       "      <td>-0.175324</td>\n",
       "      <td>-0.546470</td>\n",
       "      <td>1.000000</td>\n",
       "      <td>0.601527</td>\n",
       "      <td>0.505185</td>\n",
       "      <td>0.738754</td>\n",
       "      <td>0.589881</td>\n",
       "      <td>0.689822</td>\n",
       "      <td>0.768069</td>\n",
       "      <td>0.229726</td>\n",
       "    </tr>\n",
       "    <tr>\n",
       "      <th>DMC</th>\n",
       "      <td>0.486494</td>\n",
       "      <td>-0.407180</td>\n",
       "      <td>-0.005819</td>\n",
       "      <td>-0.289482</td>\n",
       "      <td>0.601527</td>\n",
       "      <td>1.000000</td>\n",
       "      <td>0.875511</td>\n",
       "      <td>0.679150</td>\n",
       "      <td>0.982178</td>\n",
       "      <td>0.875405</td>\n",
       "      <td>0.583760</td>\n",
       "      <td>0.196981</td>\n",
       "    </tr>\n",
       "    <tr>\n",
       "      <th>DC</th>\n",
       "      <td>0.376720</td>\n",
       "      <td>-0.225293</td>\n",
       "      <td>0.075031</td>\n",
       "      <td>-0.298600</td>\n",
       "      <td>0.505185</td>\n",
       "      <td>0.875511</td>\n",
       "      <td>1.000000</td>\n",
       "      <td>0.506897</td>\n",
       "      <td>0.941809</td>\n",
       "      <td>0.738663</td>\n",
       "      <td>0.509202</td>\n",
       "      <td>-0.075412</td>\n",
       "    </tr>\n",
       "    <tr>\n",
       "      <th>ISI</th>\n",
       "      <td>0.604948</td>\n",
       "      <td>-0.686103</td>\n",
       "      <td>0.003408</td>\n",
       "      <td>-0.348334</td>\n",
       "      <td>0.738754</td>\n",
       "      <td>0.679150</td>\n",
       "      <td>0.506897</td>\n",
       "      <td>1.000000</td>\n",
       "      <td>0.642650</td>\n",
       "      <td>0.922613</td>\n",
       "      <td>0.733978</td>\n",
       "      <td>0.268456</td>\n",
       "    </tr>\n",
       "    <tr>\n",
       "      <th>BUI</th>\n",
       "      <td>0.460533</td>\n",
       "      <td>-0.352357</td>\n",
       "      <td>0.026542</td>\n",
       "      <td>-0.300574</td>\n",
       "      <td>0.589881</td>\n",
       "      <td>0.982178</td>\n",
       "      <td>0.941809</td>\n",
       "      <td>0.642650</td>\n",
       "      <td>1.000000</td>\n",
       "      <td>0.857449</td>\n",
       "      <td>0.584762</td>\n",
       "      <td>0.093849</td>\n",
       "    </tr>\n",
       "    <tr>\n",
       "      <th>FWI</th>\n",
       "      <td>0.567506</td>\n",
       "      <td>-0.580109</td>\n",
       "      <td>0.027768</td>\n",
       "      <td>-0.325112</td>\n",
       "      <td>0.689822</td>\n",
       "      <td>0.875405</td>\n",
       "      <td>0.738663</td>\n",
       "      <td>0.922613</td>\n",
       "      <td>0.857449</td>\n",
       "      <td>1.000000</td>\n",
       "      <td>0.718067</td>\n",
       "      <td>0.201695</td>\n",
       "    </tr>\n",
       "    <tr>\n",
       "      <th>Classes</th>\n",
       "      <td>0.517203</td>\n",
       "      <td>-0.430794</td>\n",
       "      <td>-0.076262</td>\n",
       "      <td>-0.380263</td>\n",
       "      <td>0.768069</td>\n",
       "      <td>0.583760</td>\n",
       "      <td>0.509202</td>\n",
       "      <td>0.733978</td>\n",
       "      <td>0.584762</td>\n",
       "      <td>0.718067</td>\n",
       "      <td>1.000000</td>\n",
       "      <td>0.167862</td>\n",
       "    </tr>\n",
       "    <tr>\n",
       "      <th>Region</th>\n",
       "      <td>0.270295</td>\n",
       "      <td>-0.406348</td>\n",
       "      <td>-0.176928</td>\n",
       "      <td>-0.039965</td>\n",
       "      <td>0.229726</td>\n",
       "      <td>0.196981</td>\n",
       "      <td>-0.075412</td>\n",
       "      <td>0.268456</td>\n",
       "      <td>0.093849</td>\n",
       "      <td>0.201695</td>\n",
       "      <td>0.167862</td>\n",
       "      <td>1.000000</td>\n",
       "    </tr>\n",
       "  </tbody>\n",
       "</table>\n",
       "</div>"
      ],
      "text/plain": [
       "             Temperature        RH        Ws      Rain      FFMC       DMC  \\\n",
       "Temperature     1.000000 -0.651791 -0.285644 -0.326499  0.679270  0.486494   \n",
       "RH             -0.651791  1.000000  0.248148  0.222604 -0.644536 -0.407180   \n",
       "Ws             -0.285644  0.248148  1.000000  0.171896 -0.175324 -0.005819   \n",
       "Rain           -0.326499  0.222604  0.171896  1.000000 -0.546470 -0.289482   \n",
       "FFMC            0.679270 -0.644536 -0.175324 -0.546470  1.000000  0.601527   \n",
       "DMC             0.486494 -0.407180 -0.005819 -0.289482  0.601527  1.000000   \n",
       "DC              0.376720 -0.225293  0.075031 -0.298600  0.505185  0.875511   \n",
       "ISI             0.604948 -0.686103  0.003408 -0.348334  0.738754  0.679150   \n",
       "BUI             0.460533 -0.352357  0.026542 -0.300574  0.589881  0.982178   \n",
       "FWI             0.567506 -0.580109  0.027768 -0.325112  0.689822  0.875405   \n",
       "Classes         0.517203 -0.430794 -0.076262 -0.380263  0.768069  0.583760   \n",
       "Region          0.270295 -0.406348 -0.176928 -0.039965  0.229726  0.196981   \n",
       "\n",
       "                   DC       ISI       BUI       FWI   Classes    Region  \n",
       "Temperature  0.376720  0.604948  0.460533  0.567506  0.517203  0.270295  \n",
       "RH          -0.225293 -0.686103 -0.352357 -0.580109 -0.430794 -0.406348  \n",
       "Ws           0.075031  0.003408  0.026542  0.027768 -0.076262 -0.176928  \n",
       "Rain        -0.298600 -0.348334 -0.300574 -0.325112 -0.380263 -0.039965  \n",
       "FFMC         0.505185  0.738754  0.589881  0.689822  0.768069  0.229726  \n",
       "DMC          0.875511  0.679150  0.982178  0.875405  0.583760  0.196981  \n",
       "DC           1.000000  0.506897  0.941809  0.738663  0.509202 -0.075412  \n",
       "ISI          0.506897  1.000000  0.642650  0.922613  0.733978  0.268456  \n",
       "BUI          0.941809  0.642650  1.000000  0.857449  0.584762  0.093849  \n",
       "FWI          0.738663  0.922613  0.857449  1.000000  0.718067  0.201695  \n",
       "Classes      0.509202  0.733978  0.584762  0.718067  1.000000  0.167862  \n",
       "Region      -0.075412  0.268456  0.093849  0.201695  0.167862  1.000000  "
      ]
     },
     "execution_count": 9,
     "metadata": {},
     "output_type": "execute_result"
    }
   ],
   "source": [
    "df_copy.corr()"
   ]
  },
  {
   "cell_type": "markdown",
   "id": "8318279b-38c2-4623-82d7-c8ca2404a86a",
   "metadata": {},
   "source": [
    "## 3) Divide our dataset into independent and dependent features"
   ]
  },
  {
   "cell_type": "code",
   "execution_count": 10,
   "id": "e4f34659-c55c-4a8b-843e-89e4819e8125",
   "metadata": {},
   "outputs": [],
   "source": [
    "## Independent And dependent features\n",
    "\n",
    "X=df_copy.drop('FWI',axis=1)\n",
    "y=df_copy['FWI']"
   ]
  },
  {
   "cell_type": "code",
   "execution_count": 11,
   "id": "ef56d723-8a28-4513-aa65-97b7c7ba1fd9",
   "metadata": {},
   "outputs": [
    {
     "data": {
      "text/plain": [
       "0      0.5\n",
       "1      0.4\n",
       "2      0.1\n",
       "3      0.0\n",
       "4      0.5\n",
       "      ... \n",
       "237    6.5\n",
       "238    0.0\n",
       "239    0.2\n",
       "240    0.7\n",
       "241    0.5\n",
       "Name: FWI, Length: 242, dtype: float64"
      ]
     },
     "execution_count": 11,
     "metadata": {},
     "output_type": "execute_result"
    }
   ],
   "source": [
    "y"
   ]
  },
  {
   "cell_type": "markdown",
   "id": "32d53b5c-3cdf-476c-a60d-cccce344ea43",
   "metadata": {},
   "source": [
    "## 4) Further divide the dataset into train and test datasets (sklearn.model_selection.train_test_split) :"
   ]
  },
  {
   "cell_type": "code",
   "execution_count": 12,
   "id": "79638691-aa85-42c7-a2cb-d7e9357dfd04",
   "metadata": {},
   "outputs": [],
   "source": [
    "#Train Test Split\n",
    "from sklearn.model_selection import train_test_split\n",
    "X_train,X_test,y_train,y_test=train_test_split(X,y,test_size=0.25,random_state=42)"
   ]
  },
  {
   "cell_type": "code",
   "execution_count": 13,
   "id": "34c18940-f1e6-485f-8fed-0f64d661dc7f",
   "metadata": {},
   "outputs": [
    {
     "data": {
      "text/html": [
       "<div>\n",
       "<style scoped>\n",
       "    .dataframe tbody tr th:only-of-type {\n",
       "        vertical-align: middle;\n",
       "    }\n",
       "\n",
       "    .dataframe tbody tr th {\n",
       "        vertical-align: top;\n",
       "    }\n",
       "\n",
       "    .dataframe thead th {\n",
       "        text-align: right;\n",
       "    }\n",
       "</style>\n",
       "<table border=\"1\" class=\"dataframe\">\n",
       "  <thead>\n",
       "    <tr style=\"text-align: right;\">\n",
       "      <th></th>\n",
       "      <th>Temperature</th>\n",
       "      <th>RH</th>\n",
       "      <th>Ws</th>\n",
       "      <th>Rain</th>\n",
       "      <th>FFMC</th>\n",
       "      <th>DMC</th>\n",
       "      <th>DC</th>\n",
       "      <th>ISI</th>\n",
       "      <th>BUI</th>\n",
       "      <th>Classes</th>\n",
       "      <th>Region</th>\n",
       "    </tr>\n",
       "  </thead>\n",
       "  <tbody>\n",
       "    <tr>\n",
       "      <th>Temperature</th>\n",
       "      <td>1.000000</td>\n",
       "      <td>-0.650346</td>\n",
       "      <td>-0.302105</td>\n",
       "      <td>-0.329711</td>\n",
       "      <td>0.703237</td>\n",
       "      <td>0.494261</td>\n",
       "      <td>0.377424</td>\n",
       "      <td>0.617606</td>\n",
       "      <td>0.466352</td>\n",
       "      <td>0.525551</td>\n",
       "      <td>0.249598</td>\n",
       "    </tr>\n",
       "    <tr>\n",
       "      <th>RH</th>\n",
       "      <td>-0.650346</td>\n",
       "      <td>1.000000</td>\n",
       "      <td>0.266525</td>\n",
       "      <td>0.234932</td>\n",
       "      <td>-0.634330</td>\n",
       "      <td>-0.413931</td>\n",
       "      <td>-0.246125</td>\n",
       "      <td>-0.693939</td>\n",
       "      <td>-0.364136</td>\n",
       "      <td>-0.435094</td>\n",
       "      <td>-0.364007</td>\n",
       "    </tr>\n",
       "    <tr>\n",
       "      <th>Ws</th>\n",
       "      <td>-0.302105</td>\n",
       "      <td>0.266525</td>\n",
       "      <td>1.000000</td>\n",
       "      <td>0.219681</td>\n",
       "      <td>-0.171843</td>\n",
       "      <td>0.000277</td>\n",
       "      <td>0.105115</td>\n",
       "      <td>0.005360</td>\n",
       "      <td>0.038701</td>\n",
       "      <td>-0.059470</td>\n",
       "      <td>-0.235477</td>\n",
       "    </tr>\n",
       "    <tr>\n",
       "      <th>Rain</th>\n",
       "      <td>-0.329711</td>\n",
       "      <td>0.234932</td>\n",
       "      <td>0.219681</td>\n",
       "      <td>1.000000</td>\n",
       "      <td>-0.546501</td>\n",
       "      <td>-0.286855</td>\n",
       "      <td>-0.300276</td>\n",
       "      <td>-0.346706</td>\n",
       "      <td>-0.297934</td>\n",
       "      <td>-0.386323</td>\n",
       "      <td>-0.065132</td>\n",
       "    </tr>\n",
       "    <tr>\n",
       "      <th>FFMC</th>\n",
       "      <td>0.703237</td>\n",
       "      <td>-0.634330</td>\n",
       "      <td>-0.171843</td>\n",
       "      <td>-0.546501</td>\n",
       "      <td>1.000000</td>\n",
       "      <td>0.621240</td>\n",
       "      <td>0.537884</td>\n",
       "      <td>0.751558</td>\n",
       "      <td>0.610780</td>\n",
       "      <td>0.780805</td>\n",
       "      <td>0.222702</td>\n",
       "    </tr>\n",
       "    <tr>\n",
       "      <th>DMC</th>\n",
       "      <td>0.494261</td>\n",
       "      <td>-0.413931</td>\n",
       "      <td>0.000277</td>\n",
       "      <td>-0.286855</td>\n",
       "      <td>0.621240</td>\n",
       "      <td>1.000000</td>\n",
       "      <td>0.876734</td>\n",
       "      <td>0.693404</td>\n",
       "      <td>0.983698</td>\n",
       "      <td>0.613507</td>\n",
       "      <td>0.196778</td>\n",
       "    </tr>\n",
       "    <tr>\n",
       "      <th>DC</th>\n",
       "      <td>0.377424</td>\n",
       "      <td>-0.246125</td>\n",
       "      <td>0.105115</td>\n",
       "      <td>-0.300276</td>\n",
       "      <td>0.537884</td>\n",
       "      <td>0.876734</td>\n",
       "      <td>1.000000</td>\n",
       "      <td>0.548992</td>\n",
       "      <td>0.946992</td>\n",
       "      <td>0.546427</td>\n",
       "      <td>-0.081403</td>\n",
       "    </tr>\n",
       "    <tr>\n",
       "      <th>ISI</th>\n",
       "      <td>0.617606</td>\n",
       "      <td>-0.693939</td>\n",
       "      <td>0.005360</td>\n",
       "      <td>-0.346706</td>\n",
       "      <td>0.751558</td>\n",
       "      <td>0.693404</td>\n",
       "      <td>0.548992</td>\n",
       "      <td>1.000000</td>\n",
       "      <td>0.659589</td>\n",
       "      <td>0.749722</td>\n",
       "      <td>0.266275</td>\n",
       "    </tr>\n",
       "    <tr>\n",
       "      <th>BUI</th>\n",
       "      <td>0.466352</td>\n",
       "      <td>-0.364136</td>\n",
       "      <td>0.038701</td>\n",
       "      <td>-0.297934</td>\n",
       "      <td>0.610780</td>\n",
       "      <td>0.983698</td>\n",
       "      <td>0.946992</td>\n",
       "      <td>0.659589</td>\n",
       "      <td>1.000000</td>\n",
       "      <td>0.609708</td>\n",
       "      <td>0.096607</td>\n",
       "    </tr>\n",
       "    <tr>\n",
       "      <th>Classes</th>\n",
       "      <td>0.525551</td>\n",
       "      <td>-0.435094</td>\n",
       "      <td>-0.059470</td>\n",
       "      <td>-0.386323</td>\n",
       "      <td>0.780805</td>\n",
       "      <td>0.613507</td>\n",
       "      <td>0.546427</td>\n",
       "      <td>0.749722</td>\n",
       "      <td>0.609708</td>\n",
       "      <td>1.000000</td>\n",
       "      <td>0.161852</td>\n",
       "    </tr>\n",
       "    <tr>\n",
       "      <th>Region</th>\n",
       "      <td>0.249598</td>\n",
       "      <td>-0.364007</td>\n",
       "      <td>-0.235477</td>\n",
       "      <td>-0.065132</td>\n",
       "      <td>0.222702</td>\n",
       "      <td>0.196778</td>\n",
       "      <td>-0.081403</td>\n",
       "      <td>0.266275</td>\n",
       "      <td>0.096607</td>\n",
       "      <td>0.161852</td>\n",
       "      <td>1.000000</td>\n",
       "    </tr>\n",
       "  </tbody>\n",
       "</table>\n",
       "</div>"
      ],
      "text/plain": [
       "             Temperature        RH        Ws      Rain      FFMC       DMC  \\\n",
       "Temperature     1.000000 -0.650346 -0.302105 -0.329711  0.703237  0.494261   \n",
       "RH             -0.650346  1.000000  0.266525  0.234932 -0.634330 -0.413931   \n",
       "Ws             -0.302105  0.266525  1.000000  0.219681 -0.171843  0.000277   \n",
       "Rain           -0.329711  0.234932  0.219681  1.000000 -0.546501 -0.286855   \n",
       "FFMC            0.703237 -0.634330 -0.171843 -0.546501  1.000000  0.621240   \n",
       "DMC             0.494261 -0.413931  0.000277 -0.286855  0.621240  1.000000   \n",
       "DC              0.377424 -0.246125  0.105115 -0.300276  0.537884  0.876734   \n",
       "ISI             0.617606 -0.693939  0.005360 -0.346706  0.751558  0.693404   \n",
       "BUI             0.466352 -0.364136  0.038701 -0.297934  0.610780  0.983698   \n",
       "Classes         0.525551 -0.435094 -0.059470 -0.386323  0.780805  0.613507   \n",
       "Region          0.249598 -0.364007 -0.235477 -0.065132  0.222702  0.196778   \n",
       "\n",
       "                   DC       ISI       BUI   Classes    Region  \n",
       "Temperature  0.377424  0.617606  0.466352  0.525551  0.249598  \n",
       "RH          -0.246125 -0.693939 -0.364136 -0.435094 -0.364007  \n",
       "Ws           0.105115  0.005360  0.038701 -0.059470 -0.235477  \n",
       "Rain        -0.300276 -0.346706 -0.297934 -0.386323 -0.065132  \n",
       "FFMC         0.537884  0.751558  0.610780  0.780805  0.222702  \n",
       "DMC          0.876734  0.693404  0.983698  0.613507  0.196778  \n",
       "DC           1.000000  0.548992  0.946992  0.546427 -0.081403  \n",
       "ISI          0.548992  1.000000  0.659589  0.749722  0.266275  \n",
       "BUI          0.946992  0.659589  1.000000  0.609708  0.096607  \n",
       "Classes      0.546427  0.749722  0.609708  1.000000  0.161852  \n",
       "Region      -0.081403  0.266275  0.096607  0.161852  1.000000  "
      ]
     },
     "execution_count": 13,
     "metadata": {},
     "output_type": "execute_result"
    }
   ],
   "source": [
    "## Feature Selection based on correlaltion\n",
    "X_train.corr()"
   ]
  },
  {
   "cell_type": "markdown",
   "id": "004096bb-5eb4-4456-a2f9-6c550a75dce0",
   "metadata": {},
   "source": [
    "### Feature Selection"
   ]
  },
  {
   "cell_type": "code",
   "execution_count": 14,
   "id": "90a9f839-ec39-448c-91dc-e57a05804ca1",
   "metadata": {},
   "outputs": [
    {
     "data": {
      "text/plain": [
       "<AxesSubplot: >"
      ]
     },
     "execution_count": 14,
     "metadata": {},
     "output_type": "execute_result"
    },
    {
     "data": {
